goat -1 -1 -1.2909 428.5919 322.0076 544.8928 445.4194 0.5949 0.8269 0.9186 -0.5564 3.7621 0.3211 -3.0085 0.9830
goat -1 -1 2.3081 583.4137 194.4624 847.0000 460.4430 0.6229 0.6649 0.9356 -1.1129 1.2917 0.5121 0.0261 0.9830
goat -1 -1 2.3638 0.0000 0.0000 381.6882 254.2931 0.7610 0.5636 0.9705 0.4840 0.5054 0.7376 1.5569 0.9591
goat -1 -1 2.5403 0.0000 0.0000 847.0000 479.0000 0.6067 0.4806 0.7713 0.0802 0.0109 0.6687 2.4053 0.9578
goat -1 -1 3.1435 325.5414 327.4694 391.0992 396.6592 0.5451 0.5452 0.9520 0.7313 5.3056 0.3792 1.7096 0.9571
goat -1 -1 4.2531 839.9127 0.0000 847.0000 461.5129 0.7341 0.5040 0.9382 -1.6256 0.6646 0.5634 1.4996 0.9179
goat -1 -1 3.9153 435.9483 0.0000 847.0000 479.0000 0.6507 0.4635 0.8847 -0.4053 0.3288 0.5735 1.4553 0.8766
goat -1 -1 2.1712 559.4186 301.5605 724.3094 433.7016 0.4076 0.6569 0.8125 -1.3119 2.6306 0.3593 0.1378 0.8708
goat -1 -1 0.3173 154.6809 323.2123 264.2345 414.4045 0.5131 0.5981 0.8392 2.0604 4.2599 0.3354 -0.8030 0.7898
goat -1 -1 -1.8456 129.1760 331.6068 228.3799 413.8833 0.5040 0.7294 0.8904 2.7812 5.0310 0.3376 -2.9114 0.2718
