goat -1 -1 2.5210 0.0000 0.0000 656.9508 479.0000 0.6026 0.4027 0.6072 0.1501 0.0982 0.5606 1.9413 0.9994
goat -1 -1 4.2655 847.0000 0.0000 847.0000 479.0000 0.6050 0.4294 0.9564 -1.7412 0.5523 0.4239 1.4310 0.9947
goat -1 -1 3.5488 527.4933 291.8202 731.5756 431.2866 0.6016 0.4542 0.9511 -0.9825 2.2359 0.3286 1.5640 0.9930
goat -1 -1 -1.2877 432.6757 334.0693 546.3261 458.6217 0.5983 0.8428 0.9219 -0.5937 3.8946 0.2186 -3.0098 0.9903
goat -1 -1 2.4857 132.6369 332.2751 231.9547 425.7091 0.6027 0.6138 0.9517 2.3916 4.4904 0.2483 1.4043 0.9779
goat -1 -1 1.7744 0.0000 178.4845 61.5318 479.0000 0.6390 0.5372 1.0564 1.7081 1.2275 0.4818 1.1513 0.9747
goat -1 -1 2.6220 0.0000 0.0000 374.0756 429.0367 0.6597 0.4959 0.9894 0.5304 0.7168 0.5860 1.6882 0.9691
goat -1 -1 2.2339 555.2883 334.4475 722.6586 471.0880 0.4232 0.6368 0.8703 -1.3299 2.7891 0.1439 0.2182 0.9462
goat -1 -1 3.1304 319.0449 333.2150 384.2935 401.0783 0.5509 0.5415 0.9497 0.8376 5.4841 0.3180 1.7111 0.9392
goat -1 -1 4.0437 847.0000 84.1540 847.0000 479.0000 0.6675 0.5477 0.8180 -2.2985 0.8243 0.4118 1.2465 0.7533
